Linux 2.6.32-431.el6.x86_64 (moban) 	2016-12-26 	_x86_64_	(1 CPU)

01:10:01 AM     CPU      %usr     %nice      %sys   %iowait    %steal      %irq     %soft    %guest     %idle
01:20:01 AM     all      0.03      0.00      0.10      0.01      0.00      0.00      0.08      0.00     99.79
01:20:01 AM       0      0.03      0.00      0.10      0.01      0.00      0.00      0.08      0.00     99.79
01:30:01 AM     all      0.02      0.00      0.09      0.02      0.00      0.00      0.07      0.00     99.80
01:30:01 AM       0      0.02      0.00      0.09      0.02      0.00      0.00      0.07      0.00     99.80
01:40:01 AM     all      0.03      0.00      0.09      0.01      0.00      0.00      0.08      0.00     99.79
01:40:01 AM       0      0.03      0.00      0.09      0.01      0.00      0.00      0.08      0.00     99.79
01:50:01 AM     all      0.03      0.00      0.10      0.01      0.00      0.00      0.08      0.00     99.79
01:50:01 AM       0      0.03      0.00      0.10      0.01      0.00      0.00      0.08      0.00     99.79
04:40:01 AM     all      0.00      0.00      0.00      0.00      0.00      0.00      0.00      0.00      0.00
04:40:01 AM       0      0.00      0.00      0.00      0.00      0.00      0.00      0.00      0.00      0.00
04:50:01 AM     all      0.03      0.00      0.10      0.03      0.00      0.00      0.07      0.00     99.77
04:50:01 AM       0      0.03      0.00      0.10      0.03      0.00      0.00      0.07      0.00     99.77
05:00:02 AM     all      0.02      0.00      0.09      0.01      0.00      0.00      0.08      0.00     99.80
05:00:02 AM       0      0.02      0.00      0.09      0.01      0.00      0.00      0.08      0.00     99.80
05:10:01 AM     all      0.04      0.00      0.12      0.05      0.00      0.00      0.08      0.00     99.70
05:10:01 AM       0      0.04      0.00      0.12      0.05      0.00      0.00      0.08      0.00     99.70
05:20:01 AM     all      0.03      0.17      0.52      0.63      0.00      0.03      0.09      0.00     98.55
05:20:01 AM       0      0.03      0.17      0.52      0.63      0.00      0.03      0.09      0.00     98.55
05:30:01 AM     all      0.02      0.00      0.09      0.03      0.00      0.00      0.08      0.00     99.79
05:30:01 AM       0      0.02      0.00      0.09      0.03      0.00      0.00      0.08      0.00     99.79
05:40:01 AM     all      0.03      0.00      0.10      0.01      0.00      0.00      0.09      0.00     99.77
05:40:01 AM       0      0.03      0.00      0.10      0.01      0.00      0.00      0.09      0.00     99.77
05:50:01 AM     all      0.03      0.00      0.09      0.01      0.00      0.00      0.09      0.00     99.77
05:50:01 AM       0      0.03      0.00      0.09      0.01      0.00      0.00      0.09      0.00     99.77
06:00:01 AM     all      0.04      0.00      0.11      0.04      0.00      0.00      0.09      0.00     99.72
06:00:01 AM       0      0.04      0.00      0.11      0.04      0.00      0.00      0.09      0.00     99.72
06:10:01 AM     all      0.06      0.00      0.13      0.02      0.00      0.00      0.09      0.00     99.70
06:10:01 AM       0      0.06      0.00      0.13      0.02      0.00      0.00      0.09      0.00     99.70
06:20:01 AM     all      0.55      0.00      0.56      0.70      0.00      0.03      0.11      0.00     98.07
06:20:01 AM       0      0.55      0.00      0.56      0.70      0.00      0.03      0.11      0.00     98.07
06:30:01 AM     all      0.05      0.00      0.12      0.00      0.00      0.01      0.12      0.00     99.70
06:30:01 AM       0      0.05      0.00      0.12      0.00      0.00      0.01      0.12      0.00     99.70
06:40:01 AM     all      0.04      0.00      0.12      0.02      0.00      0.01      0.12      0.00     99.71
06:40:01 AM       0      0.04      0.00      0.12      0.02      0.00      0.01      0.12      0.00     99.71
06:50:01 AM     all      0.05      0.00      0.13      0.02      0.00      0.01      0.15      0.00     99.65
06:50:01 AM       0      0.05      0.00      0.13      0.02      0.00      0.01      0.15      0.00     99.65
07:00:01 AM     all      0.04      0.00      0.14      0.01      0.00      0.01      0.17      0.00     99.64
07:00:01 AM       0      0.04      0.00      0.14      0.01      0.00      0.01      0.17      0.00     99.64
07:10:02 AM     all      0.09      0.00      0.19      0.03      0.00      0.01      0.20      0.00     99.48
07:10:02 AM       0      0.09      0.00      0.19      0.03      0.00      0.01      0.20      0.00     99.48
07:20:01 AM     all      0.06      0.00      0.15      0.01      0.00      0.01      0.18      0.00     99.59
07:20:01 AM       0      0.06      0.00      0.15      0.01      0.00      0.01      0.18      0.00     99.59
10:40:01 PM     all      0.00      0.00      0.00      0.00      0.00      0.00      0.00      0.00      0.00
10:40:01 PM       0      0.00      0.00      0.00      0.00      0.00      0.00      0.00      0.00      0.00
10:50:01 PM     all      0.04      0.00      0.10      0.01      0.00      0.00      0.09      0.00     99.76
10:50:01 PM       0      0.04      0.00      0.10      0.01      0.00      0.00      0.09      0.00     99.76
11:00:01 PM     all      0.03      0.00      0.10      0.03      0.00      0.00      0.09      0.00     99.74
11:00:01 PM       0      0.03      0.00      0.10      0.03      0.00      0.00      0.09      0.00     99.74
11:10:01 PM     all      0.06      0.00      0.12      0.04      0.00      0.00      0.09      0.00     99.69
11:10:01 PM       0      0.06      0.00      0.12      0.04      0.00      0.00      0.09      0.00     99.69
11:20:01 PM     all      0.09      0.00      0.17      0.17      0.00      0.01      0.09      0.00     99.47
11:20:01 PM       0      0.09      0.00      0.17      0.17      0.00      0.01      0.09      0.00     99.47
11:30:01 PM     all      0.22      0.00      0.20      0.09      0.00      0.02      0.10      0.00     99.37
11:30:01 PM       0      0.22      0.00      0.20      0.09      0.00      0.02      0.10      0.00     99.37
11:40:01 PM     all      0.18      0.00      0.24      0.26      0.00      0.02      0.10      0.00     99.21
11:40:01 PM       0      0.18      0.00      0.24      0.26      0.00      0.02      0.10      0.00     99.21
11:50:01 PM     all      0.14      0.00      0.16      0.07      0.00      0.01      0.10      0.00     99.52
11:50:01 PM       0      0.14      0.00      0.16      0.07      0.00      0.01      0.10      0.00     99.52
Average:        all      0.13      0.00      0.38      0.14      0.00      0.01      0.10      0.00     99.26
Average:          0      0.13      0.00      0.38      0.14      0.00      0.01      0.10      0.00     99.26

01:10:01 AM    proc/s   cswch/s
01:20:01 AM      0.12      8.20
01:30:01 AM      0.09      8.14
01:40:01 AM      0.12      8.19
01:50:01 AM      0.12      8.19
04:40:01 AM    100.00      0.00
04:50:01 AM      0.12      8.05
05:00:02 AM      0.09      8.11
05:10:01 AM      0.17      8.56
05:20:01 AM      0.53     20.72
05:30:01 AM      0.09      8.01
05:40:01 AM      0.12      8.20
05:50:01 AM      0.12      8.29
06:00:01 AM      0.12      8.31
06:10:01 AM      0.17      8.68
06:20:01 AM      0.43     23.46
06:30:01 AM      0.12      8.26
06:40:01 AM      0.12      8.12
06:50:01 AM      0.12      8.19
07:00:01 AM      0.09      8.17
07:10:02 AM      0.17      8.67
07:20:01 AM      0.12      8.27
10:40:01 PM    100.00      0.00
10:50:01 PM      0.12      8.16
11:00:01 PM      0.12      8.13
11:10:01 PM      0.17      8.42
11:20:01 PM      0.23     13.02
11:30:01 PM      0.22     28.02
11:40:01 PM      0.27     26.98
11:50:01 PM      0.23     19.52
Average:         0.20     15.86

01:10:01 AM  pswpin/s pswpout/s
01:20:01 AM      0.00      0.00
01:30:01 AM      0.00      0.00
01:40:01 AM      0.00      0.00
01:50:01 AM      0.00      0.00
04:40:01 AM      0.00      0.00
04:50:01 AM      0.00      0.00
05:00:02 AM      0.00      0.00
05:10:01 AM      0.00      0.00
05:20:01 AM      0.00      0.00
05:30:01 AM      0.00      0.00
05:40:01 AM      0.00      0.00
05:50:01 AM      0.00      0.00
06:00:01 AM      0.00      0.00
06:10:01 AM      0.00      0.00
06:20:01 AM      0.00      0.00
06:30:01 AM      0.00      0.00
06:40:01 AM      0.00      0.00
06:50:01 AM      0.00      0.00
07:00:01 AM      0.00      0.00
07:10:02 AM      0.00      0.00
07:20:01 AM      0.00      0.00
10:40:01 PM      0.00      0.00
10:50:01 PM      0.00      0.00
11:00:01 PM      0.00      0.00
11:10:01 PM      0.00      0.00
11:20:01 PM      0.00      0.00
11:30:01 PM      0.00      0.00
11:40:01 PM      0.00      0.00
11:50:01 PM      0.00      0.00
Average:         0.00      0.00

01:10:01 AM  pgpgin/s pgpgout/s   fault/s  majflt/s  pgfree/s pgscank/s pgscand/s pgsteal/s    %vmeff
01:20:01 AM      0.00      0.72     45.20      0.00     13.73      0.00      0.00      0.00      0.00
01:30:01 AM      0.00      0.70     37.89      0.00     11.24      0.00      0.00      0.00      0.00
01:40:01 AM      0.00      0.65     45.07      0.00     13.73      0.00      0.00      0.00      0.00
01:50:01 AM      0.00      0.69     45.08      0.00     13.71      0.00      0.00      0.00      0.00
04:40:01 AM    100.00    100.00    100.00    100.00    100.00      0.00      0.00      0.00      0.00
04:50:01 AM      0.00      0.66     45.23      0.00     13.70      0.00      0.00      0.00      0.00
05:00:02 AM      0.00      0.69     37.86      0.00     11.19      0.00      0.00      0.00      0.00
05:10:01 AM      1.43      0.90     63.37      0.01     19.99      0.00      0.00      0.00      0.00
05:20:01 AM     48.28      6.82    194.16      0.01     71.17      0.00      0.00      0.00      0.00
05:30:01 AM      0.00      0.95     37.87      0.00     11.21      0.00      0.00      0.00      0.00
05:40:01 AM      0.00      0.99     45.12      0.00     13.70      0.00      0.00      0.00      0.00
05:50:01 AM      0.00      1.01     45.19      0.00     13.73      0.00      0.00      0.00      0.00
06:00:01 AM      0.01      0.99     46.98      0.00     13.91      0.00      0.00      0.00      0.00
06:10:01 AM      1.62      1.44     63.26      0.00     20.83      0.00      0.00      0.00      0.00
06:20:01 AM     84.05      9.20    147.36      0.28     49.63      0.00      0.00      0.00      0.00
06:30:01 AM      0.00      1.07     45.25      0.00     14.15      0.00      0.00      0.00      0.00
06:40:01 AM      0.00      1.00     45.16      0.00     14.10      0.00      0.00      0.00      0.00
06:50:01 AM      0.00      0.99     45.30      0.00     14.11      0.00      0.00      0.00      0.00
07:00:01 AM      0.00      0.95     38.14      0.00     11.61      0.00      0.00      0.00      0.00
07:10:02 AM      0.01      1.06     61.88      0.00     20.23      0.00      0.00      0.00      0.00
07:20:01 AM      0.00      1.08     45.49      0.00     14.19      0.00      0.00      0.00      0.00
10:40:01 PM    100.00    100.00    100.00    100.00    100.00      0.00      0.00      0.00      0.00
10:50:01 PM      0.01      0.70     45.26      0.00     13.95      0.00      0.00      0.00      0.00
11:00:01 PM      0.00      0.71     45.05      0.00     14.00      0.00      0.00      0.00      0.00
11:10:01 PM      0.31      0.70     61.43      0.00     19.94      0.00      0.00      0.00      0.00
11:20:01 PM      9.23      1.96     81.49      0.08     26.18      0.00      0.00      0.00      0.00
11:30:01 PM      0.01      5.00     93.54      0.00     32.58      0.00      0.00      0.00      0.00
11:40:01 PM      2.02     14.39     81.13      0.01     29.02      0.00      0.00      0.00      0.00
11:50:01 PM      0.00      2.64     83.27      0.00     27.83      0.00      0.00      0.00      0.00
Average:         2.45      3.45     72.88      0.02     24.11      0.00      0.00      0.00      0.00

01:10:01 AM       tps      rtps      wtps   bread/s   bwrtn/s
01:20:01 AM      0.14      0.00      0.14      0.00      1.44
01:30:01 AM      0.13      0.00      0.13      0.00      1.40
01:40:01 AM      0.13      0.00      0.13      0.00      1.31
01:50:01 AM      0.13      0.00      0.13      0.00      1.37
04:40:01 AM    100.00      0.00    100.00    100.00    100.00
04:50:01 AM      0.13      0.00      0.13      0.00      1.32
05:00:02 AM      0.13      0.00      0.13      0.00      1.38
05:10:01 AM      0.23      0.06      0.16      2.86      1.80
05:20:01 AM      4.66      4.41      0.25     96.56     13.64
05:30:01 AM      0.18      0.00      0.18      0.00      1.90
05:40:01 AM      0.18      0.00      0.18      0.00      1.98
05:50:01 AM      0.19      0.00      0.19      0.00      2.02
06:00:01 AM      0.18      0.00      0.18      0.00      1.98
06:10:01 AM      0.24      0.02      0.22      3.25      2.87
06:20:01 AM      2.42      1.68      0.74    168.10     18.41
06:30:01 AM      0.21      0.00      0.21      0.00      2.14
06:40:01 AM      0.20      0.00      0.20      0.00      2.00
06:50:01 AM      0.19      0.00      0.19      0.00      1.98
07:00:01 AM      0.19      0.00      0.19      0.00      1.89
07:10:02 AM      0.20      0.00      0.20      0.01      2.12
07:20:01 AM      0.21      0.00      0.21      0.00      2.15
10:40:01 PM    100.00    100.00    100.00    100.00    100.00
10:50:01 PM      0.14      0.00      0.13      0.03      1.40
11:00:01 PM      0.14      0.00      0.14      0.00      1.43
11:10:01 PM      0.16      0.03      0.13      0.63      1.40
11:20:01 PM      0.45      0.19      0.27     18.45      3.93
11:30:01 PM      0.63      0.00      0.63      0.01      9.99
11:40:01 PM      1.48      0.09      1.39      4.04     28.78
11:50:01 PM      0.40      0.00      0.40      0.00      5.27
Average:         0.49      0.07      0.42      4.90      6.90

01:10:01 AM   frmpg/s   bufpg/s   campg/s
01:20:01 AM     -0.05      0.04      0.02
01:30:01 AM     -0.05      0.04      0.00
01:40:01 AM     -0.05      0.04      0.00
01:50:01 AM     -0.06      0.04      0.00
04:40:01 AM      0.00     -0.00     -0.00
04:50:01 AM     -0.10      0.00      0.01
05:00:02 AM     -0.00      0.00      0.00
05:10:01 AM     -0.52      0.21      0.15
05:20:01 AM    -20.85     10.47      1.61
05:30:01 AM      0.00      0.00      0.00
05:40:01 AM     -0.06      0.03      0.00
05:50:01 AM     -0.04      0.05      0.00
06:00:01 AM     -0.43      0.04      0.00
06:10:01 AM     -0.14      0.06      0.46
06:20:01 AM    -26.52      0.22     21.93
06:30:01 AM     -0.05      0.05      0.01
06:40:01 AM     -0.07      0.04      0.00
06:50:01 AM     -0.04      0.04      0.00
07:00:01 AM     -0.05      0.04      0.00
07:10:02 AM     -0.06      0.05      0.01
07:20:01 AM     -0.05      0.05      0.01
10:40:01 PM      0.00     -0.00     -0.00
10:50:01 PM     -0.11      0.04     -0.00
11:00:01 PM     -0.05      0.04      0.00
11:10:01 PM     -0.16      0.04      0.08
11:20:01 PM     -3.06      0.52      1.89
11:30:01 PM     -0.26      0.23     -0.00
11:40:01 PM     -1.29      0.90      0.26
11:50:01 PM     -0.16      0.15      0.00
Average:        -1.18      0.34      0.45

01:10:01 AM kbmemfree kbmemused  %memused kbbuffers  kbcached  kbcommit   %commit
01:20:01 AM   1817996     96500      5.04      8220     26948     41912      1.06
01:30:01 AM   1817880     96616      5.05      8308     26956     41912      1.06
01:40:01 AM   1817756     96740      5.05      8396     26956     41912      1.06
01:50:01 AM   1817624     96872      5.06      8484     26960     41912      1.06
04:40:01 AM   1817972     96524      5.04      8372     26936     41892      1.06
04:50:01 AM   1817740     96756      5.05      8372     26960     41892      1.06
05:00:02 AM   1817732     96764      5.05      8372     26968     41892      1.06
05:10:01 AM   1816492     98004      5.12      8884     27316     42468      1.07
05:20:01 AM   1766644    147852      7.72     33912     31164     41892      1.06
05:30:01 AM   1766652    147844      7.72     33912     31172     41892      1.06
05:40:01 AM   1766504    147992      7.73     33988     31180     41892      1.06
05:50:01 AM   1766404    148092      7.74     34100     31188     41892      1.06
06:00:01 AM   1765372    149124      7.79     34204     31196     44384      1.12
06:10:01 AM   1765040    149456      7.81     34336     32308     41892      1.06
06:20:01 AM   1701608    212888     11.12     34860     84756     56424      1.42
06:30:01 AM   1701492    213004     11.13     34972     84768     56424      1.42
06:40:01 AM   1701336    213160     11.13     35076     84776     56424      1.42
06:50:01 AM   1701236    213260     11.14     35180     84784     56424      1.42
07:00:01 AM   1701120    213376     11.15     35276     84792     56424      1.42
07:10:02 AM   1700988    213508     11.15     35400     84812     56424      1.42
07:20:01 AM   1700872    213624     11.16     35512     84824     56424      1.42
10:40:01 PM   1809600    104896      5.48      9528     29412     50016      1.26
10:50:01 PM   1809344    105152      5.49      9616     29404     50016      1.26
11:00:01 PM   1809228    105268      5.50      9712     29408     50016      1.26
11:10:01 PM   1808848    105648      5.52      9812     29588     50016      1.26
11:20:01 PM   1801524    112972      5.90     11048     34124     51808      1.31
11:30:01 PM   1800904    113592      5.93     11592     34120     51956      1.31
11:40:01 PM   1797812    116684      6.09     13740     34732     51956      1.31
11:50:01 PM   1797440    117056      6.11     14108     34732     51956      1.31
Average:      1775212    139284      7.28     20941     43215     48012      1.21

01:10:01 AM kbswpfree kbswpused  %swpused  kbswpcad   %swpcad
01:20:01 AM   2047992         0      0.00         0      0.00
01:30:01 AM   2047992         0      0.00         0      0.00
01:40:01 AM   2047992         0      0.00         0      0.00
01:50:01 AM   2047992         0      0.00         0      0.00
04:40:01 AM   2047992         0      0.00         0      0.00
04:50:01 AM   2047992         0      0.00         0      0.00
05:00:02 AM   2047992         0      0.00         0      0.00
05:10:01 AM   2047992         0      0.00         0      0.00
05:20:01 AM   2047992         0      0.00         0      0.00
05:30:01 AM   2047992         0      0.00         0      0.00
05:40:01 AM   2047992         0      0.00         0      0.00
05:50:01 AM   2047992         0      0.00         0      0.00
06:00:01 AM   2047992         0      0.00         0      0.00
06:10:01 AM   2047992         0      0.00         0      0.00
06:20:01 AM   2047992         0      0.00         0      0.00
06:30:01 AM   2047992         0      0.00         0      0.00
06:40:01 AM   2047992         0      0.00         0      0.00
06:50:01 AM   2047992         0      0.00         0      0.00
07:00:01 AM   2047992         0      0.00         0      0.00
07:10:02 AM   2047992         0      0.00         0      0.00
07:20:01 AM   2047992         0      0.00         0      0.00
10:40:01 PM   2047992         0      0.00         0      0.00
10:50:01 PM   2047992         0      0.00         0      0.00
11:00:01 PM   2047992         0      0.00         0      0.00
11:10:01 PM   2047992         0      0.00         0      0.00
11:20:01 PM   2047992         0      0.00         0      0.00
11:30:01 PM   2047992         0      0.00         0      0.00
11:40:01 PM   2047992         0      0.00         0      0.00
11:50:01 PM   2047992         0      0.00         0      0.00
Average:      2047992         0      0.00         0      0.00

01:10:01 AM dentunusd   file-nr  inode-nr    pty-nr
01:20:01 AM      2589       160      8480         1
01:30:01 AM      2589       160      8480         1
01:40:01 AM      2589       160      8480         1
01:50:01 AM      2589       160      8480         1
04:40:01 AM      2588       160      8481         1
04:50:01 AM      2593       160      8484         1
05:00:02 AM      2593       160      8484         1
05:10:01 AM      2707       192      8584         1
05:20:01 AM     19951       160     25147         1
05:30:01 AM     19951       160     25147         1
05:40:01 AM     19951       160     25147         1
05:50:01 AM     19951       160     25147         1
06:00:01 AM     19954       192     25158         1
06:10:01 AM     19959       160     25152         1
06:20:01 AM     20914       512     25908         3
06:30:01 AM     20914       512     25908         3
06:40:01 AM     20914       512     25908         3
06:50:01 AM     20914       512     25908         3
07:00:01 AM     20914       512     25908         3
07:10:02 AM     20934       512     25928         3
07:20:01 AM     20934       512     25928         3
10:40:01 PM      2813       320      8697         2
10:50:01 PM      2818       320      8700         2
11:00:01 PM      2818       320      8700         2
11:10:01 PM      2910       320      8780         2
11:20:01 PM      3050       352      8835         3
11:30:01 PM      3073       352      8836         4
11:40:01 PM      3410       352      9145         4
11:50:01 PM      3398       352      9127         5
Average:        10734       296     16244         2

01:10:01 AM   runq-sz  plist-sz   ldavg-1   ldavg-5  ldavg-15
01:20:01 AM         0        69      0.00      0.00      0.00
01:30:01 AM         0        69      0.00      0.00      0.00
01:40:01 AM         0        69      0.00      0.00      0.00
01:50:01 AM         0        69      0.00      0.00      0.00
04:40:01 AM         0        69      0.03      0.11      0.07
04:50:01 AM         0        69      0.00      0.00      0.01
05:00:02 AM         0        69      0.00      0.00      0.00
05:10:01 AM         0        70      0.00      0.00      0.00
05:20:01 AM         0        69      0.00      0.00      0.00
05:30:01 AM         0        69      0.00      0.00      0.00
05:40:01 AM         0        69      0.00      0.00      0.00
05:50:01 AM         0        69      0.00      0.00      0.00
06:00:01 AM         0        72      0.00      0.00      0.00
06:10:01 AM         0        69      0.00      0.00      0.00
06:20:01 AM         0        82      0.00      0.01      0.00
06:30:01 AM         0        82      0.00      0.00      0.00
06:40:01 AM         0        82      0.00      0.00      0.00
06:50:01 AM         0        82      0.00      0.00      0.00
07:00:01 AM         0        82      0.00      0.00      0.00
07:10:02 AM         0        82      0.00      0.00      0.00
07:20:01 AM         0        82      0.00      0.00      0.00
10:40:01 PM         0        75      0.00      0.06      0.06
10:50:01 PM         0        75      0.00      0.00      0.00
11:00:01 PM         0        75      0.00      0.00      0.00
11:10:01 PM         0        75      0.00      0.00      0.00
11:20:01 PM         0        76      0.03      0.01      0.00
11:30:01 PM         0        76      0.00      0.00      0.00
11:40:01 PM         0        76      0.00      0.00      0.00
11:50:01 PM         0        76      0.00      0.00      0.00
Average:            0        74      0.00      0.01      0.00

01:10:01 AM       TTY   rcvin/s   xmtin/s framerr/s prtyerr/s     brk/s   ovrun/s
01:20:01 AM         0      0.00      0.00      0.00      0.00      0.00      0.00
01:20:01 AM         1      0.00      0.00      0.00      0.00      0.00      0.00
01:30:01 AM         0      0.00      0.00      0.00      0.00      0.00      0.00
01:30:01 AM         1      0.00      0.00      0.00      0.00      0.00      0.00
01:40:01 AM         0      0.00      0.00      0.00      0.00      0.00      0.00
01:40:01 AM         1      0.00      0.00      0.00      0.00      0.00      0.00
01:50:01 AM         0      0.00      0.00      0.00      0.00      0.00      0.00
01:50:01 AM         1      0.00      0.00      0.00      0.00      0.00      0.00
04:40:01 AM         0      0.00      0.00      0.00      0.00      0.00      0.00
04:40:01 AM         1      0.00      0.00      0.00      0.00      0.00      0.00
04:50:01 AM         0      0.00      0.00      0.00      0.00      0.00      0.00
04:50:01 AM         1      0.00      0.00      0.00      0.00      0.00      0.00
05:00:02 AM         0      0.00      0.00      0.00      0.00      0.00      0.00
05:00:02 AM         1      0.00      0.00      0.00      0.00      0.00      0.00
05:10:01 AM         0      0.00      0.00      0.00      0.00      0.00      0.00
05:10:01 AM         1      0.00      0.00      0.00      0.00      0.00      0.00
05:20:01 AM         0      0.00      0.00      0.00      0.00      0.00      0.00
05:20:01 AM         1      0.00      0.00      0.00      0.00      0.00      0.00
05:30:01 AM         0      0.00      0.00      0.00      0.00      0.00      0.00
05:30:01 AM         1      0.00      0.00      0.00      0.00      0.00      0.00
05:40:01 AM         0      0.00      0.00      0.00      0.00      0.00      0.00
05:40:01 AM         1      0.00      0.00      0.00      0.00      0.00      0.00
05:50:01 AM         0      0.00      0.00      0.00      0.00      0.00      0.00
05:50:01 AM         1      0.00      0.00      0.00      0.00      0.00      0.00
06:00:01 AM         0      0.00      0.00      0.00      0.00      0.00      0.00
06:00:01 AM         1      0.00      0.00      0.00      0.00      0.00      0.00
06:10:01 AM         0      0.00      0.00      0.00      0.00      0.00      0.00
06:10:01 AM         1      0.00      0.00      0.00      0.00      0.00      0.00
06:20:01 AM         0      0.00      0.00      0.00      0.00      0.00      0.00
06:20:01 AM         1      0.00      0.00      0.00      0.00      0.00      0.00
06:30:01 AM         0      0.00      0.00      0.00      0.00      0.00      0.00
06:30:01 AM         1      0.00      0.00      0.00      0.00      0.00      0.00
06:40:01 AM         0      0.00      0.00      0.00      0.00      0.00      0.00
06:40:01 AM         1      0.00      0.00      0.00      0.00      0.00      0.00
06:50:01 AM         0      0.00      0.00      0.00      0.00      0.00      0.00
06:50:01 AM         1      0.00      0.00      0.00      0.00      0.00      0.00
07:00:01 AM         0      0.00      0.00      0.00      0.00      0.00      0.00
07:00:01 AM         1      0.00      0.00      0.00      0.00      0.00      0.00
07:10:02 AM         0      0.00      0.00      0.00      0.00      0.00      0.00
07:10:02 AM         1      0.00      0.00      0.00      0.00      0.00      0.00
07:20:01 AM         0      0.00      0.00      0.00      0.00      0.00      0.00
07:20:01 AM         1      0.00      0.00      0.00      0.00      0.00      0.00
10:40:01 PM         0      0.00      0.00      0.00      0.00      0.00      0.00
10:40:01 PM         1      0.00      0.00      0.00      0.00      0.00      0.00
10:50:01 PM         0      0.00      0.00      0.00      0.00      0.00      0.00
10:50:01 PM         1      0.00      0.00      0.00      0.00      0.00      0.00
11:00:01 PM         0      0.00      0.00      0.00      0.00      0.00      0.00
11:00:01 PM         1      0.00      0.00      0.00      0.00      0.00      0.00
11:10:01 PM         0      0.00      0.00      0.00      0.00      0.00      0.00
11:10:01 PM         1      0.00      0.00      0.00      0.00      0.00      0.00
11:20:01 PM         0      0.00      0.00      0.00      0.00      0.00      0.00
11:20:01 PM         1      0.00      0.00      0.00      0.00      0.00      0.00
11:30:01 PM         0      0.00      0.00      0.00      0.00      0.00      0.00
11:30:01 PM         1      0.00      0.00      0.00      0.00      0.00      0.00
11:40:01 PM         0      0.00      0.00      0.00      0.00      0.00      0.00
11:40:01 PM         1      0.00      0.00      0.00      0.00      0.00      0.00
11:50:01 PM         0      0.00      0.00      0.00      0.00      0.00      0.00
11:50:01 PM         1      0.00      0.00      0.00      0.00      0.00      0.00
Average:            0      0.00      0.00      0.00      0.00      0.00      0.00
Average:            1      0.00      0.00      0.00      0.00      0.00      0.00

01:10:01 AM       DEV       tps  rd_sec/s  wr_sec/s  avgrq-sz  avgqu-sz     await     svctm     %util
01:20:01 AM    dev8-0      0.14      0.00      1.44     10.67      0.00      3.67      1.48      0.02
01:20:01 AM   dev8-16      0.00      0.00      0.00      0.00      0.00      0.00      0.00      0.00
01:20:01 AM   dev11-0      0.00      0.00      0.00      0.00      0.00      0.00      0.00      0.00
01:30:01 AM    dev8-0      0.13      0.00      1.40     10.50      0.00      6.16      2.79      0.04
01:30:01 AM   dev8-16      0.00      0.00      0.00      0.00      0.00      0.00      0.00      0.00
01:30:01 AM   dev11-0      0.00      0.00      0.00      0.00      0.00      0.00      0.00      0.00
01:40:01 AM    dev8-0      0.13      0.00      1.31     10.32      0.00      4.32      1.64      0.02
01:40:01 AM   dev8-16      0.00      0.00      0.00      0.00      0.00      0.00      0.00      0.00
01:40:01 AM   dev11-0      0.00      0.00      0.00      0.00      0.00      0.00      0.00      0.00
01:50:01 AM    dev8-0      0.13      0.00      1.37     10.43      0.00      6.41      2.41      0.03
01:50:01 AM   dev8-16      0.00      0.00      0.00      0.00      0.00      0.00      0.00      0.00
01:50:01 AM   dev11-0      0.00      0.00      0.00      0.00      0.00      0.00      0.00      0.00
04:40:01 AM    dev8-0      0.00      0.00      0.00     32.09      0.00      6.47      3.30      0.00
04:40:01 AM   dev8-16      0.00      0.00      0.00      0.00      0.00      0.00      0.00      0.00
04:40:01 AM   dev11-0      0.00      0.00      0.00      0.00      0.00      0.00      0.00      0.00
04:50:01 AM    dev8-0      0.13      0.00      1.32     10.15      0.00     11.22      3.42      0.04
04:50:01 AM   dev8-16      0.00      0.00      0.00      0.00      0.00      0.00      0.00      0.00
04:50:01 AM   dev11-0      0.00      0.00      0.00      0.00      0.00      0.00      0.00      0.00
05:00:02 AM    dev8-0      0.13      0.00      1.38     10.43      0.00     10.11      3.05      0.04
05:00:02 AM   dev8-16      0.00      0.00      0.00      0.00      0.00      0.00      0.00      0.00
05:00:02 AM   dev11-0      0.00      0.00      0.00      0.00      0.00      0.00      0.00      0.00
05:10:01 AM    dev8-0      0.23      2.86      1.80     20.68      0.00      7.45      4.04      0.09
05:10:01 AM   dev8-16      0.00      0.00      0.00      0.00      0.00      0.00      0.00      0.00
05:10:01 AM   dev11-0      0.00      0.00      0.00      0.00      0.00      0.00      0.00      0.00
05:20:01 AM    dev8-0      4.66     96.56     13.64     23.65      0.01      2.27      1.91      0.89
05:20:01 AM   dev8-16      0.00      0.00      0.00      0.00      0.00      0.00      0.00      0.00
05:20:01 AM   dev11-0      0.00      0.00      0.00      0.00      0.00      0.00      0.00      0.00
05:30:01 AM    dev8-0      0.18      0.00      1.90     10.72      0.00      6.15      2.88      0.05
05:30:01 AM   dev8-16      0.00      0.00      0.00      0.00      0.00      0.00      0.00      0.00
05:30:01 AM   dev11-0      0.00      0.00      0.00      0.00      0.00      0.00      0.00      0.00
05:40:01 AM    dev8-0      0.18      0.00      1.98     10.76      0.00      6.16      1.67      0.03
05:40:01 AM   dev8-16      0.00      0.00      0.00      0.00      0.00      0.00      0.00      0.00
05:40:01 AM   dev11-0      0.00      0.00      0.00      0.00      0.00      0.00      0.00      0.00
05:50:01 AM    dev8-0      0.19      0.00      2.02     10.50      0.00      3.58      1.31      0.03
05:50:01 AM   dev8-16      0.00      0.00      0.00      0.00      0.00      0.00      0.00      0.00
05:50:01 AM   dev11-0      0.00      0.00      0.00      0.00      0.00      0.00      0.00      0.00
06:00:01 AM    dev8-0      0.18      0.00      1.98     11.07      0.00     13.14      3.93      0.07
06:00:01 AM   dev8-16      0.00      0.00      0.00      0.00      0.00      0.00      0.00      0.00
06:00:01 AM   dev11-0      0.00      0.00      0.00      0.00      0.00      0.00      0.00      0.00
06:10:01 AM    dev8-0      0.24      3.25      2.87     25.62      0.00      5.15      2.20      0.05
06:10:01 AM   dev8-16      0.00      0.00      0.00      0.00      0.00      0.00      0.00      0.00
06:10:01 AM   dev11-0      0.00      0.00      0.00      0.00      0.00      0.00      0.00      0.00
06:20:01 AM    dev8-0      2.42    168.10     18.41     77.08      0.01      5.17      3.96      0.96
06:20:01 AM   dev8-16      0.00      0.00      0.00      0.00      0.00      0.00      0.00      0.00
06:20:01 AM   dev11-0      0.00      0.00      0.00      0.00      0.00      0.00      0.00      0.00
06:30:01 AM    dev8-0      0.21      0.00      2.14     10.16      0.00      5.50      2.29      0.05
06:30:01 AM   dev8-16      0.00      0.00      0.00      0.00      0.00      0.00      0.00      0.00
06:30:01 AM   dev11-0      0.00      0.00      0.00      0.00      0.00      0.00      0.00      0.00
06:40:01 AM    dev8-0      0.20      0.00      2.00     10.17      0.00      5.42      1.93      0.04
06:40:01 AM   dev8-16      0.00      0.00      0.00      0.00      0.00      0.00      0.00      0.00
06:40:01 AM   dev11-0      0.00      0.00      0.00      0.00      0.00      0.00      0.00      0.00
06:50:01 AM    dev8-0      0.19      0.00      1.98     10.21      0.00      5.04      2.42      0.05
06:50:01 AM   dev8-16      0.00      0.00      0.00      0.00      0.00      0.00      0.00      0.00
06:50:01 AM   dev11-0      0.00      0.00      0.00      0.00      0.00      0.00      0.00      0.00
07:00:01 AM    dev8-0      0.19      0.00      1.89      9.98      0.00      6.10      2.12      0.04
07:00:01 AM   dev8-16      0.00      0.00      0.00      0.00      0.00      0.00      0.00      0.00
07:00:01 AM   dev11-0      0.00      0.00      0.00      0.00      0.00      0.00      0.00      0.00
07:10:02 AM    dev8-0      0.20      0.01      2.12     10.43      0.00      6.95      2.79      0.06
07:10:02 AM   dev8-16      0.00      0.00      0.00      0.00      0.00      0.00      0.00      0.00
07:10:02 AM   dev11-0      0.00      0.00      0.00      0.00      0.00      0.00      0.00      0.00
07:20:01 AM    dev8-0      0.21      0.00      2.15     10.08      0.00      6.24      1.88      0.04
07:20:01 AM   dev8-16      0.00      0.00      0.00      0.00      0.00      0.00      0.00      0.00
07:20:01 AM   dev11-0      0.00      0.00      0.00      0.00      0.00      0.00      0.00      0.00
10:40:01 PM   dev11-0      0.00      0.00      0.00      0.00      0.00      0.00      0.00      0.00
10:40:01 PM    dev8-0      0.00      0.00      0.00     34.48      0.00      5.00      3.85      0.00
10:40:01 PM   dev8-16      0.00      0.00      0.00      0.00      0.00      0.00      0.00      0.00
10:50:01 PM   dev11-0      0.00      0.00      0.00      0.00      0.00      0.00      0.00      0.00
10:50:01 PM    dev8-0      0.13      0.01      1.40     10.60      0.00      5.29      2.22      0.03
10:50:01 PM   dev8-16      0.00      0.00      0.00      0.00      0.00      0.00      0.00      0.00
11:00:01 PM   dev11-0      0.00      0.00      0.00      0.00      0.00      0.00      0.00      0.00
11:00:01 PM    dev8-0      0.14      0.00      1.43     10.44      0.00      7.13      3.48      0.05
11:00:01 PM   dev8-16      0.00      0.00      0.00      0.00      0.00      0.00      0.00      0.00
11:10:01 PM   dev11-0      0.00      0.00      0.00      0.00      0.00      0.00      0.00      0.00
11:10:01 PM    dev8-0      0.16      0.63      1.40     12.94      0.00      6.73      3.61      0.06
11:10:01 PM   dev8-16      0.00      0.00      0.00      0.00      0.00      0.00      0.00      0.00
11:20:01 PM   dev11-0      0.00      0.00      0.00      0.00      0.00      0.00      0.00      0.00
11:20:01 PM    dev8-0      0.45     18.45      3.93     49.26      0.00      7.06      5.01      0.23
11:20:01 PM   dev8-16      0.00      0.00      0.00      0.00      0.00      0.00      0.00      0.00
11:30:01 PM   dev11-0      0.00      0.00      0.00      0.00      0.00      0.00      0.00      0.00
11:30:01 PM    dev8-0      0.63      0.01      9.99     15.91      0.00      7.30      2.66      0.17
11:30:01 PM   dev8-16      0.00      0.00      0.00      0.00      0.00      0.00      0.00      0.00
11:40:01 PM   dev11-0      0.00      0.00      0.00      0.00      0.00      0.00      0.00      0.00
11:40:01 PM    dev8-0      1.48      4.04     28.78     22.22      0.01      3.46      2.46      0.36
11:40:01 PM   dev8-16      0.00      0.00      0.00      0.00      0.00      0.00      0.00      0.00
11:50:01 PM   dev11-0      0.00      0.00      0.00      0.00      0.00      0.00      0.00      0.00
11:50:01 PM    dev8-0      0.40      0.00      5.27     13.24      0.00      6.25      2.80      0.11
11:50:01 PM   dev8-16      0.00      0.00      0.00      0.00      0.00      0.00      0.00      0.00
Average:      dev11-0      0.00      0.00      0.00      0.00    981.71      0.00      0.00  98171.35
Average:       dev8-0      0.49      4.90      6.90     24.03      0.00      6.18      4.03      0.20
Average:      dev8-16      0.00      0.00      0.00      0.00    981.71      0.00      0.00  98171.35

01:10:01 AM     IFACE   rxpck/s   txpck/s    rxkB/s    txkB/s   rxcmp/s   txcmp/s  rxmcst/s
01:20:01 AM        lo      0.00      0.00      0.00      0.00      0.00      0.00      0.00
01:20:01 AM      eth0      0.01      0.01      0.00      0.00      0.00      0.00      0.00
01:30:01 AM        lo      0.00      0.00      0.00      0.00      0.00      0.00      0.00
01:30:01 AM      eth0      0.00      0.00      0.00      0.00      0.00      0.00      0.00
01:40:01 AM        lo      0.00      0.00      0.00      0.00      0.00      0.00      0.00
01:40:01 AM      eth0      0.00      0.01      0.00      0.00      0.00      0.00      0.00
01:50:01 AM        lo      0.00      0.00      0.00      0.00      0.00      0.00      0.00
01:50:01 AM      eth0      0.00      0.01      0.00      0.00      0.00      0.00      0.00
04:40:01 AM        lo      0.00      0.00      0.00      0.00      0.00      0.00      0.00
04:40:01 AM      eth0      0.00      0.00      0.00      0.00      0.00      0.00      0.00
04:50:01 AM        lo      0.00      0.00      0.00      0.00      0.00      0.00      0.00
04:50:01 AM      eth0      0.01      0.01      0.00      0.00      0.00      0.00      0.00
05:00:02 AM        lo      0.00      0.00      0.00      0.00      0.00      0.00      0.00
05:00:02 AM      eth0      0.00      0.00      0.00      0.00      0.00      0.00      0.00
05:10:01 AM        lo      0.00      0.00      0.00      0.00      0.00      0.00      0.00
05:10:01 AM      eth0      0.00      0.01      0.00      0.00      0.00      0.00      0.00
05:20:01 AM        lo      0.00      0.00      0.00      0.00      0.00      0.00      0.00
05:20:01 AM      eth0      0.00      0.01      0.00      0.00      0.00      0.00      0.00
05:30:01 AM        lo      0.00      0.00      0.00      0.00      0.00      0.00      0.00
05:30:01 AM      eth0      0.00      0.00      0.00      0.00      0.00      0.00      0.00
05:40:01 AM        lo      0.00      0.00      0.00      0.00      0.00      0.00      0.00
05:40:01 AM      eth0      0.02      0.01      0.00      0.00      0.00      0.00      0.00
05:50:01 AM        lo      0.00      0.00      0.00      0.00      0.00      0.00      0.00
05:50:01 AM      eth0      0.00      0.01      0.00      0.00      0.00      0.00      0.00
06:00:01 AM        lo      0.00      0.00      0.00      0.00      0.00      0.00      0.00
06:00:01 AM      eth0      0.01      0.01      0.00      0.00      0.00      0.00      0.00
06:10:01 AM        lo      0.00      0.00      0.00      0.00      0.00      0.00      0.00
06:10:01 AM      eth0      0.00      0.01      0.00      0.00      0.00      0.00      0.00
06:20:01 AM        lo      0.00      0.00      0.00      0.00      0.00      0.00      0.00
06:20:01 AM      eth0      1.84      1.04      0.15      0.15      0.00      0.00      0.00
06:30:01 AM        lo      0.00      0.00      0.00      0.00      0.00      0.00      0.00
06:30:01 AM      eth0      0.00      0.01      0.00      0.00      0.00      0.00      0.00
06:40:01 AM        lo      0.00      0.00      0.00      0.00      0.00      0.00      0.00
06:40:01 AM      eth0      0.00      0.01      0.00      0.00      0.00      0.00      0.00
06:50:01 AM        lo      0.00      0.00      0.00      0.00      0.00      0.00      0.00
06:50:01 AM      eth0      0.00      0.01      0.00      0.00      0.00      0.00      0.00
07:00:01 AM        lo      0.00      0.00      0.00      0.00      0.00      0.00      0.00
07:00:01 AM      eth0      0.00      0.00      0.00      0.00      0.00      0.00      0.00
07:10:02 AM        lo      0.00      0.00      0.00      0.00      0.00      0.00      0.00
07:10:02 AM      eth0      0.00      0.01      0.00      0.00      0.00      0.00      0.00
07:20:01 AM        lo      0.00      0.00      0.00      0.00      0.00      0.00      0.00
07:20:01 AM      eth0      0.00      0.01      0.00      0.00      0.00      0.00      0.00
10:40:01 PM        lo      0.00      0.00      0.00      0.00      0.00      0.00      0.00
10:40:01 PM      eth0      0.00      0.00      0.00      0.00      0.00      0.00      0.00
10:50:01 PM        lo      0.00      0.00      0.00      0.00      0.00      0.00      0.00
10:50:01 PM      eth0      0.00      0.01      0.00      0.00      0.00      0.00      0.00
11:00:01 PM        lo      0.00      0.00      0.00      0.00      0.00      0.00      0.00
11:00:01 PM      eth0      0.00      0.01      0.00      0.00      0.00      0.00      0.00
11:10:01 PM        lo      0.00      0.00      0.00      0.00      0.00      0.00      0.00
11:10:01 PM      eth0      0.00      0.01      0.00      0.00      0.00      0.00      0.00
11:20:01 PM        lo      0.00      0.00      0.00      0.00      0.00      0.00      0.00
11:20:01 PM      eth0      0.86      0.57      0.07      0.08      0.00      0.00      0.00
11:30:01 PM        lo      0.00      0.00      0.00      0.00      0.00      0.00      0.00
11:30:01 PM      eth0      3.39      2.50      0.30      0.43      0.00      0.00      0.00
11:40:01 PM        lo      0.00      0.00      0.00      0.00      0.00      0.00      0.00
11:40:01 PM      eth0      2.93      1.73      0.24      0.26      0.00      0.00      0.00
11:50:01 PM        lo      0.00      0.00      0.00      0.00      0.00      0.00      0.00
11:50:01 PM      eth0      2.18      1.45      0.19      0.23      0.00      0.00      0.00
Average:           lo      0.00      0.00      0.00      0.00      0.00      0.00      0.00
Average:         eth0      1.29      0.87      0.11      0.14      0.00      0.00      0.00

01:10:01 AM     IFACE   rxerr/s   txerr/s    coll/s  rxdrop/s  txdrop/s  txcarr/s  rxfram/s  rxfifo/s  txfifo/s
01:20:01 AM        lo      0.00      0.00      0.00      0.00      0.00      0.00      0.00      0.00      0.00
01:20:01 AM      eth0      0.00      0.00      0.00      0.00      0.00      0.00      0.00      0.00      0.00
01:30:01 AM        lo      0.00      0.00      0.00      0.00      0.00      0.00      0.00      0.00      0.00
01:30:01 AM      eth0      0.00      0.00      0.00      0.00      0.00      0.00      0.00      0.00      0.00
01:40:01 AM        lo      0.00      0.00      0.00      0.00      0.00      0.00      0.00      0.00      0.00
01:40:01 AM      eth0      0.00      0.00      0.00      0.00      0.00      0.00      0.00      0.00      0.00
01:50:01 AM        lo      0.00      0.00      0.00      0.00      0.00      0.00      0.00      0.00      0.00
01:50:01 AM      eth0      0.00      0.00      0.00      0.00      0.00      0.00      0.00      0.00      0.00
04:40:01 AM        lo      0.00      0.00      0.00      0.00      0.00      0.00      0.00      0.00      0.00
04:40:01 AM      eth0      0.00      0.00      0.00      0.00      0.00      0.00      0.00      0.00      0.00
04:50:01 AM        lo      0.00      0.00      0.00      0.00      0.00      0.00      0.00      0.00      0.00
04:50:01 AM      eth0      0.00      0.00      0.00      0.00      0.00      0.00      0.00      0.00      0.00
05:00:02 AM        lo      0.00      0.00      0.00      0.00      0.00      0.00      0.00      0.00      0.00
05:00:02 AM      eth0      0.00      0.00      0.00      0.00      0.00      0.00      0.00      0.00      0.00
05:10:01 AM        lo      0.00      0.00      0.00      0.00      0.00      0.00      0.00      0.00      0.00
05:10:01 AM      eth0      0.00      0.00      0.00      0.00      0.00      0.00      0.00      0.00      0.00
05:20:01 AM        lo      0.00      0.00      0.00      0.00      0.00      0.00      0.00      0.00      0.00
05:20:01 AM      eth0      0.00      0.00      0.00      0.00      0.00      0.00      0.00      0.00      0.00
05:30:01 AM        lo      0.00      0.00      0.00      0.00      0.00      0.00      0.00      0.00      0.00
05:30:01 AM      eth0      0.00      0.00      0.00      0.00      0.00      0.00      0.00      0.00      0.00
05:40:01 AM        lo      0.00      0.00      0.00      0.00      0.00      0.00      0.00      0.00      0.00
05:40:01 AM      eth0      0.00      0.00      0.00      0.00      0.00      0.00      0.00      0.00      0.00
05:50:01 AM        lo      0.00      0.00      0.00      0.00      0.00      0.00      0.00      0.00      0.00
05:50:01 AM      eth0      0.00      0.00      0.00      0.00      0.00      0.00      0.00      0.00      0.00
06:00:01 AM        lo      0.00      0.00      0.00      0.00      0.00      0.00      0.00      0.00      0.00
06:00:01 AM      eth0      0.00      0.00      0.00      0.00      0.00      0.00      0.00      0.00      0.00
06:10:01 AM        lo      0.00      0.00      0.00      0.00      0.00      0.00      0.00      0.00      0.00
06:10:01 AM      eth0      0.00      0.00      0.00      0.00      0.00      0.00      0.00      0.00      0.00
06:20:01 AM        lo      0.00      0.00      0.00      0.00      0.00      0.00      0.00      0.00      0.00
06:20:01 AM      eth0      0.00      0.00      0.00      0.00      0.00      0.00      0.00      0.00      0.00
06:30:01 AM        lo      0.00      0.00      0.00      0.00      0.00      0.00      0.00      0.00      0.00
06:30:01 AM      eth0      0.00      0.00      0.00      0.00      0.00      0.00      0.00      0.00      0.00
06:40:01 AM        lo      0.00      0.00      0.00      0.00      0.00      0.00      0.00      0.00      0.00
06:40:01 AM      eth0      0.00      0.00      0.00      0.00      0.00      0.00      0.00      0.00      0.00
06:50:01 AM        lo      0.00      0.00      0.00      0.00      0.00      0.00      0.00      0.00      0.00
06:50:01 AM      eth0      0.00      0.00      0.00      0.00      0.00      0.00      0.00      0.00      0.00
07:00:01 AM        lo      0.00      0.00      0.00      0.00      0.00      0.00      0.00      0.00      0.00
07:00:01 AM      eth0      0.00      0.00      0.00      0.00      0.00      0.00      0.00      0.00      0.00
07:10:02 AM        lo      0.00      0.00      0.00      0.00      0.00      0.00      0.00      0.00      0.00
07:10:02 AM      eth0      0.00      0.00      0.00      0.00      0.00      0.00      0.00      0.00      0.00
07:20:01 AM        lo      0.00      0.00      0.00      0.00      0.00      0.00      0.00      0.00      0.00
07:20:01 AM      eth0      0.00      0.00      0.00      0.00      0.00      0.00      0.00      0.00      0.00
10:40:01 PM        lo      0.00      0.00      0.00      0.00      0.00      0.00      0.00      0.00      0.00
10:40:01 PM      eth0      0.00      0.00      0.00      0.00      0.00      0.00      0.00      0.00      0.00
10:50:01 PM        lo      0.00      0.00      0.00      0.00      0.00      0.00      0.00      0.00      0.00
10:50:01 PM      eth0      0.00      0.00      0.00      0.00      0.00      0.00      0.00      0.00      0.00
11:00:01 PM        lo      0.00      0.00      0.00      0.00      0.00      0.00      0.00      0.00      0.00
11:00:01 PM      eth0      0.00      0.00      0.00      0.00      0.00      0.00      0.00      0.00      0.00
11:10:01 PM        lo      0.00      0.00      0.00      0.00      0.00      0.00      0.00      0.00      0.00
11:10:01 PM      eth0      0.00      0.00      0.00      0.00      0.00      0.00      0.00      0.00      0.00
11:20:01 PM        lo      0.00      0.00      0.00      0.00      0.00      0.00      0.00      0.00      0.00
11:20:01 PM      eth0      0.00      0.00      0.00      0.00      0.00      0.00      0.00      0.00      0.00
11:30:01 PM        lo      0.00      0.00      0.00      0.00      0.00      0.00      0.00      0.00      0.00
11:30:01 PM      eth0      0.00      0.00      0.00      0.00      0.00      0.00      0.00      0.00      0.00
11:40:01 PM        lo      0.00      0.00      0.00      0.00      0.00      0.00      0.00      0.00      0.00
11:40:01 PM      eth0      0.00      0.00      0.00      0.00      0.00      0.00      0.00      0.00      0.00
11:50:01 PM        lo      0.00      0.00      0.00      0.00      0.00      0.00      0.00      0.00      0.00
11:50:01 PM      eth0      0.00      0.00      0.00      0.00      0.00      0.00      0.00      0.00      0.00
Average:           lo      0.00      0.00      0.00      0.00      0.00      0.00      0.00      0.00      0.00
Average:         eth0      0.00      0.00      0.00      0.00      0.00      0.00      0.00      0.00      0.00

01:10:01 AM    call/s retrans/s    read/s   write/s  access/s  getatt/s
01:20:01 AM      0.00      0.00      0.00      0.00      0.00      0.00
01:30:01 AM      0.00      0.00      0.00      0.00      0.00      0.00
01:40:01 AM      0.00      0.00      0.00      0.00      0.00      0.00
01:50:01 AM      0.00      0.00      0.00      0.00      0.00      0.00
04:40:01 AM      0.00      0.00      0.00      0.00      0.00      0.00
04:50:01 AM      0.00      0.00      0.00      0.00      0.00      0.00
05:00:02 AM      0.00      0.00      0.00      0.00      0.00      0.00
05:10:01 AM      0.00      0.00      0.00      0.00      0.00      0.00
05:20:01 AM      0.00      0.00      0.00      0.00      0.00      0.00
05:30:01 AM      0.00      0.00      0.00      0.00      0.00      0.00
05:40:01 AM      0.00      0.00      0.00      0.00      0.00      0.00
05:50:01 AM      0.00      0.00      0.00      0.00      0.00      0.00
06:00:01 AM      0.00      0.00      0.00      0.00      0.00      0.00
06:10:01 AM      0.00      0.00      0.00      0.00      0.00      0.00
06:20:01 AM      0.00      0.00      0.00      0.00      0.00      0.00
06:30:01 AM      0.00      0.00      0.00      0.00      0.00      0.00
06:40:01 AM      0.00      0.00      0.00      0.00      0.00      0.00
06:50:01 AM      0.00      0.00      0.00      0.00      0.00      0.00
07:00:01 AM      0.00      0.00      0.00      0.00      0.00      0.00
07:10:02 AM      0.00      0.00      0.00      0.00      0.00      0.00
07:20:01 AM      0.00      0.00      0.00      0.00      0.00      0.00
10:40:01 PM      0.00      0.00      0.00      0.00      0.00      0.00
10:50:01 PM      0.00      0.00      0.00      0.00      0.00      0.00
11:00:01 PM      0.00      0.00      0.00      0.00      0.00      0.00
11:10:01 PM      0.00      0.00      0.00      0.00      0.00      0.00
11:20:01 PM      0.00      0.00      0.00      0.00      0.00      0.00
11:30:01 PM      0.00      0.00      0.00      0.00      0.00      0.00
11:40:01 PM      0.00      0.00      0.00      0.00      0.00      0.00
11:50:01 PM      0.00      0.00      0.00      0.00      0.00      0.00
Average:         0.00      0.00      0.00      0.00      0.00      0.00

01:10:01 AM   scall/s badcall/s  packet/s     udp/s     tcp/s     hit/s    miss/s   sread/s  swrite/s saccess/s sgetatt/s
01:20:01 AM      0.00      0.00      0.00      0.00      0.00      0.00      0.00      0.00      0.00      0.00      0.00
01:30:01 AM      0.00      0.00      0.00      0.00      0.00      0.00      0.00      0.00      0.00      0.00      0.00
01:40:01 AM      0.00      0.00      0.00      0.00      0.00      0.00      0.00      0.00      0.00      0.00      0.00
01:50:01 AM      0.00      0.00      0.00      0.00      0.00      0.00      0.00      0.00      0.00      0.00      0.00
04:40:01 AM      0.00      0.00      0.00      0.00      0.00      0.00      0.00      0.00      0.00      0.00      0.00
04:50:01 AM      0.00      0.00      0.00      0.00      0.00      0.00      0.00      0.00      0.00      0.00      0.00
05:00:02 AM      0.00      0.00      0.00      0.00      0.00      0.00      0.00      0.00      0.00      0.00      0.00
05:10:01 AM      0.00      0.00      0.00      0.00      0.00      0.00      0.00      0.00      0.00      0.00      0.00
05:20:01 AM      0.00      0.00      0.00      0.00      0.00      0.00      0.00      0.00      0.00      0.00      0.00
05:30:01 AM      0.00      0.00      0.00      0.00      0.00      0.00      0.00      0.00      0.00      0.00      0.00
05:40:01 AM      0.00      0.00      0.00      0.00      0.00      0.00      0.00      0.00      0.00      0.00      0.00
05:50:01 AM      0.00      0.00      0.00      0.00      0.00      0.00      0.00      0.00      0.00      0.00      0.00
06:00:01 AM      0.00      0.00      0.00      0.00      0.00      0.00      0.00      0.00      0.00      0.00      0.00
06:10:01 AM      0.00      0.00      0.00      0.00      0.00      0.00      0.00      0.00      0.00      0.00      0.00
06:20:01 AM      0.00      0.00      0.00      0.00      0.00      0.00      0.00      0.00      0.00      0.00      0.00
06:30:01 AM      0.00      0.00      0.00      0.00      0.00      0.00      0.00      0.00      0.00      0.00      0.00
06:40:01 AM      0.00      0.00      0.00      0.00      0.00      0.00      0.00      0.00      0.00      0.00      0.00
06:50:01 AM      0.00      0.00      0.00      0.00      0.00      0.00      0.00      0.00      0.00      0.00      0.00
07:00:01 AM      0.00      0.00      0.00      0.00      0.00      0.00      0.00      0.00      0.00      0.00      0.00
07:10:02 AM      0.00      0.00      0.00      0.00      0.00      0.00      0.00      0.00      0.00      0.00      0.00
07:20:01 AM      0.00      0.00      0.00      0.00      0.00      0.00      0.00      0.00      0.00      0.00      0.00
10:40:01 PM      0.00      0.00      0.00      0.00      0.00      0.00      0.00      0.00      0.00      0.00      0.00
10:50:01 PM      0.00      0.00      0.00      0.00      0.00      0.00      0.00      0.00      0.00      0.00      0.00
11:00:01 PM      0.00      0.00      0.00      0.00      0.00      0.00      0.00      0.00      0.00      0.00      0.00
11:10:01 PM      0.00      0.00      0.00      0.00      0.00      0.00      0.00      0.00      0.00      0.00      0.00
11:20:01 PM      0.00      0.00      0.00      0.00      0.00      0.00      0.00      0.00      0.00      0.00      0.00
11:30:01 PM      0.00      0.00      0.00      0.00      0.00      0.00      0.00      0.00      0.00      0.00      0.00
11:40:01 PM      0.00      0.00      0.00      0.00      0.00      0.00      0.00      0.00      0.00      0.00      0.00
11:50:01 PM      0.00      0.00      0.00      0.00      0.00      0.00      0.00      0.00      0.00      0.00      0.00
Average:         0.00      0.00      0.00      0.00      0.00      0.00      0.00      0.00      0.00      0.00      0.00

01:10:01 AM    totsck    tcpsck    udpsck    rawsck   ip-frag    tcp-tw
01:20:01 AM       155         1         1         0         0         0
01:30:01 AM       155         1         1         0         0         0
01:40:01 AM       155         1         1         0         0         0
01:50:01 AM       155         1         1         0         0         0
04:40:01 AM       154         1         1         0         0         0
04:50:01 AM       155         1         1         0         0         0
05:00:02 AM       155         1         1         0         0         0
05:10:01 AM       156         1         1         0         0         0
05:20:01 AM       155         1         1         0         0         0
05:30:01 AM       155         1         1         0         0         0
05:40:01 AM       155         1         1         0         0         0
05:50:01 AM       155         1         1         0         0         0
06:00:01 AM       155         1         1         0         0         0
06:10:01 AM       155         1         1         0         0         0
06:20:01 AM       168         2         1         0         0         0
06:30:01 AM       168         2         1         0         0         0
06:40:01 AM       168         2         1         0         0         0
06:50:01 AM       168         2         1         0         0         0
07:00:01 AM       168         2         1         0         0         0
07:10:02 AM       168         2         1         0         0         0
07:20:01 AM       168         2         1         0         0         0
10:40:01 PM       161         2         1         0         0         0
10:50:01 PM       162         2         1         0         0         0
11:00:01 PM       162         2         1         0         0         0
11:10:01 PM       162         2         1         0         0         0
11:20:01 PM       162         2         1         0         0         0
11:30:01 PM       162         2         1         0         0         0
11:40:01 PM       162         2         1         0         0         0
11:50:01 PM       162         2         1         0         0         0
Average:          160         2         1         0         0         0
